-0.6253734594291576 -0.013531646934131572 0.1400920851905867
0.6253734594291576 0.013531646934132138 0.1400920851905867
0.013531646934131288 -0.6253734594291576 0.1400920851905867
-0.013531646934131855 0.6253734594291576 0.1400920851905867
-4.990748508904019e-07 -4.990744970068128e-07 0.6619988709406187
-0.6253734594291576 -0.013531646934131572 0.1400920851905867
0.6253734594291576 0.013531646934132138 0.1400920851905867
0.013531646934131288 -0.6253734594291576 0.1400920851905867
-0.013531646934131855 0.6253734594291576 0.1400920851905867
-4.990748508904019e-07 -4.990744970068128e-07 0.6619988709406187
-0.6253734594291576 -0.013531646934131572 0.1400920851905867
0.6253734594291576 0.013531646934132138 0.1400920851905867
0.013531646934131288 -0.6253734594291576 0.1400920851905867
-0.013531646934131855 0.6253734594291576 0.1400920851905867
-4.990748508904019e-07 -4.990744970068128e-07 0.6619988709406187
-0.6253734594291576 -0.013531646934131572 0.1400920851905867
0.6253734594291576 0.013531646934132138 0.1400920851905867
0.013531646934131288 -0.6253734594291576 0.1400920851905867
-0.013531646934131855 0.6253734594291576 0.1400920851905867
-4.990748508904019e-07 -4.990744970068128e-07 0.6619988709406187
-0.6253734594291576 -0.013531646934131572 0.1400920851905867
0.6253734594291576 0.013531646934132138 0.1400920851905867
0.013531646934131288 -0.6253734594291576 0.1400920851905867
-0.013531646934131855 0.6253734594291576 0.1400920851905867
-4.990748508904019e-07 -4.990744970068128e-07 0.6619988709406187
-0.6253734594291576 -0.013531646934131572 0.1400920851905867
0.6253734594291576 0.013531646934132138 0.1400920851905867
0.013531646934131288 -0.6253734594291576 0.1400920851905867
-0.013531646934131855 0.6253734594291576 0.1400920851905867
-4.990748508904019e-07 -4.990744970068128e-07 0.6619988709406187
-0.6253734594291576 -0.013531646934131572 0.1400920851905867
0.6253734594291576 0.013531646934132138 0.1400920851905867
0.013531646934131288 -0.6253734594291576 0.1400920851905867
-0.013531646934131855 0.6253734594291576 0.1400920851905867
-4.990748508904019e-07 -4.990744970068128e-07 0.6619988709406187
